
my testing data results
==============================================================
Statistic      N   Mean   St. Dev. Min Pctl(25) Pctl(75)  Max 
--------------------------------------------------------------
id            189  121.1    63.3    4     68      176     226 
low           189   0.3     0.5     0     0        1       1  
age           189  23.3     5.3    14     19       26     45  
lwt           189  130.1    30.5   80    110      141     250 
race          189   1.8     0.9     1     1        3       3  
smoke         189   0.4     0.5     0     0        1       1  
ptl           189   0.2     0.5     0     0        0       3  
ht            189   0.1     0.2     0     0        0       1  
ui            189   0.1     0.4     0     0        0       1  
ftv           189   0.8     1.1     0     0        1       6  
bwt           189 2,944.1  728.6   709  2,414    3,475   4,990
smoke_plus_ht 189  0.03     0.2     0     0        0       1  
Nsmoke        189   0.4     0.5     0     0        1       1  
Nht           189  0.04     0.2     0     0        0       1  
--------------------------------------------------------------
